1 0.482422 0.357923 0.019531 0.030055
1 0.324219 0.494536 0.029297 0.043716
1 0.570312 0.303279 0.019531 0.027322
1 0.412109 0.565574 0.033203 0.054645
2 0.449219 0.702186 0.037109 0.051913
1 0.443359 0.355191 0.021484 0.027322
1 0.429688 0.434426 0.023438 0.032787
2 0.255859 0.415301 0.019531 0.032787
2 0.289062 0.486339 0.025391 0.038251
1 0.277344 0.426230 0.027344 0.035519
1 0.136719 0.510929 0.013672 0.032787
1 0.394531 0.510929 0.031250 0.046448
1 0.251953 0.510929 0.029297 0.035519
1 0.205078 0.551913 0.031250 0.043716
0 0.310547 0.437158 0.023438 0.027322
1 0.400391 0.327869 0.017578 0.030055
2 0.035156 0.527322 0.015625 0.043716
1 0.076172 0.532787 0.033203 0.051913
1 0.357422 0.456284 0.027344 0.046448
1 0.615234 0.311475 0.013672 0.021858
1 0.708984 0.366120 0.019531 0.024590
1 0.468750 0.426230 0.029297 0.043716
