1 0.744141 0.333333 0.037109 0.049180
1 0.697266 0.275956 0.031250 0.051913
1 0.248047 0.346995 0.050781 0.076503
1 0.160156 0.595628 0.095703 0.144809
1 0.671875 0.647541 0.115234 0.147541
1 0.746094 0.259563 0.029297 0.032787
1 0.750000 0.519126 0.064453 0.155738
1 0.375000 0.366120 0.054688 0.087432
1 0.328125 0.275956 0.035156 0.068306
1 0.595703 0.437158 0.072266 0.101093
1 0.238281 0.254098 0.037109 0.054645
1 0.187500 0.349727 0.039062 0.049180
1 0.298828 0.251366 0.023438 0.035519
1 0.486328 0.286885 0.052734 0.087432
1 0.537109 0.306011 0.033203 0.051913
1 0.085938 0.412568 0.087891 0.125683
