1 0.414062 0.136612 0.023438 0.046448
1 0.556641 0.199454 0.042969 0.060109
1 0.130859 0.172131 0.033203 0.051913
1 0.234375 0.114754 0.023438 0.038251
1 0.351562 0.289617 0.042969 0.057377
1 0.318359 0.144809 0.031250 0.051913
2 0.630859 0.131148 0.029297 0.035519
1 0.275391 0.161202 0.042969 0.065574
1 0.734375 0.131148 0.033203 0.057377
1 0.509766 0.188525 0.037109 0.054645
1 0.439453 0.144809 0.033203 0.054645
1 0.597656 0.131148 0.031250 0.049180
1 0.478516 0.163934 0.029297 0.043716
1 0.064453 0.136612 0.041016 0.057377
1 0.287109 0.114754 0.027344 0.038251
1 0.689453 0.117486 0.033203 0.054645
