1 0.541016 0.240437 0.041016 0.068306
1 0.480469 0.319672 0.019531 0.035519
1 0.681641 0.259563 0.046875 0.065574
1 0.017578 0.357923 0.033203 0.057377
1 0.394531 0.311475 0.021484 0.062842
2 0.500000 0.325137 0.027344 0.051913
2 0.316406 0.360656 0.033203 0.054645
1 0.273438 0.327869 0.035156 0.060109
1 0.150391 0.330601 0.037109 0.051913
1 0.724609 0.273224 0.037109 0.057377
2 0.203125 0.344262 0.037109 0.060109
1 0.070312 0.330601 0.035156 0.051913
1 0.224609 0.311475 0.033203 0.046448
1 0.775391 0.275956 0.013672 0.051913
