1 0.041016 0.076503 0.039062 0.040984
1 0.414062 0.030055 0.019531 0.046448
1 0.419922 0.573770 0.095703 0.079235
1 0.656250 0.125683 0.044922 0.065574
1 0.162109 0.035519 0.023438 0.038251
1 0.617188 0.027322 0.031250 0.049180
1 0.568359 0.098361 0.046875 0.079235
2 0.179688 0.076503 0.029297 0.049180
1 0.505859 0.095628 0.050781 0.062842
1 0.226562 0.546448 0.103516 0.133880
1 0.320312 0.054645 0.035156 0.051913
1 0.402344 0.155738 0.050781 0.079235
1 0.312500 0.155738 0.054688 0.079235
1 0.212891 0.021858 0.023438 0.038251
