1 0.423828 0.153005 0.041016 0.065574
1 0.357422 0.032787 0.013672 0.027322
1 0.263672 0.316940 0.048828 0.076503
1 0.703125 0.040984 0.025391 0.027322
1 0.208984 0.065574 0.019531 0.038251
1 0.435547 0.049180 0.023438 0.030055
1 0.509766 0.150273 0.044922 0.065574
1 0.615234 0.030055 0.021484 0.032787
1 0.328125 0.188525 0.042969 0.068306
1 0.314453 0.021858 0.015625 0.021858
2 0.585938 0.076503 0.023438 0.035519
1 0.666016 0.024590 0.027344 0.035519
1 0.185547 0.090164 0.031250 0.040984
1 0.445312 0.256831 0.048828 0.073770
