2 0.107422 0.106557 0.052734 0.068306
0 0.242188 0.295082 0.058594 0.092896
1 0.283203 0.215847 0.060547 0.090164
0 0.095703 0.491803 0.052734 0.073770
2 0.269531 0.032787 0.023438 0.040984
1 0.558594 0.428962 0.091797 0.136612
1 0.417969 0.071038 0.041016 0.068306
1 0.525391 0.158470 0.050781 0.076503
2 0.156250 0.226776 0.048828 0.043716
1 0.675781 0.163934 0.074219 0.106557
2 0.300781 0.120219 0.046875 0.057377
2 0.490234 0.136612 0.033203 0.049180
0 0.373047 0.270492 0.085938 0.120219
2 0.386719 0.046448 0.027344 0.043716
