2 0.074219 0.295082 0.039062 0.057377
1 0.203125 0.136612 0.044922 0.057377
1 0.376953 0.136612 0.048828 0.057377
1 0.406250 0.500000 0.050781 0.060109
1 0.439453 0.557377 0.056641 0.079235
1 0.380859 0.040984 0.044922 0.046448
0 0.130859 0.472678 0.042969 0.073770
1 0.699219 0.196721 0.052734 0.062842
1 0.033203 0.587432 0.056641 0.054645
1 0.585938 0.136612 0.046875 0.071038
1 0.730469 0.420765 0.050781 0.062842
1 0.207031 0.308743 0.039062 0.068306
1 0.642578 0.087432 0.044922 0.054645
1 0.095703 0.527322 0.054688 0.081967
1 0.390625 0.256831 0.046875 0.065574
