2 0.337891 0.516393 0.033203 0.095628
1 0.289062 0.215847 0.048828 0.054645
1 0.363281 0.278689 0.042969 0.065574
1 0.361328 0.117486 0.033203 0.060109
2 0.697266 0.459016 0.062500 0.076503
1 0.503906 0.346995 0.054688 0.076503
1 0.548828 0.486339 0.041016 0.092896
1 0.482422 0.557377 0.070312 0.101093
2 0.214844 0.213115 0.037109 0.049180
1 0.640625 0.073770 0.027344 0.049180
1 0.398438 0.114754 0.033203 0.051913
1 0.656250 0.314208 0.054688 0.049180
1 0.289062 0.538251 0.076172 0.114754
2 0.111328 0.185792 0.044922 0.051913
1 0.357422 0.385246 0.050781 0.062842
2 0.447266 0.084699 0.031250 0.049180
2 0.595703 0.158470 0.035156 0.049180
2 0.529297 0.150273 0.031250 0.038251
1 0.291016 0.316940 0.050781 0.079235
2 0.287109 0.109290 0.029297 0.040984
1 0.101562 0.385246 0.039062 0.090164
2 0.152344 0.420765 0.058594 0.090164
2 0.207031 0.489071 0.058594 0.095628
1 0.531250 0.251366 0.039062 0.057377
1 0.439453 0.314208 0.048828 0.079235
1 0.591797 0.325137 0.044922 0.068306
1 0.240234 0.163934 0.035156 0.051913
2 0.107422 0.273224 0.050781 0.065574
2 0.376953 0.494536 0.033203 0.065574
