1 0.273438 0.262295 0.023438 0.035519
1 0.257812 0.368852 0.031250 0.038251
1 0.220703 0.120219 0.023438 0.038251
1 0.128906 0.377049 0.025391 0.040984
1 0.052734 0.150273 0.025391 0.038251
1 0.431641 0.360656 0.027344 0.046448
1 0.119141 0.674863 0.035156 0.051913
1 0.603516 0.275956 0.027344 0.046448
1 0.296875 0.598361 0.035156 0.051913
1 0.636719 0.021858 0.017578 0.032787
1 0.748047 0.256831 0.029297 0.030055
1 0.515625 0.142077 0.025391 0.032787
1 0.345703 0.412568 0.029297 0.049180
1 0.062500 0.215847 0.029297 0.038251
1 0.082031 0.355191 0.023438 0.043716
1 0.244141 0.062842 0.019531 0.040984
1 0.496094 0.185792 0.027344 0.043716
1 0.560547 0.579235 0.033203 0.051913
1 0.441406 0.150273 0.023438 0.032787
1 0.083984 0.303279 0.027344 0.032787
1 0.703125 0.360656 0.027344 0.040984
1 0.189453 0.226776 0.025391 0.032787
1 0.720703 0.502732 0.025391 0.043716
1 0.117188 0.040984 0.019531 0.027322
1 0.136719 0.437158 0.035156 0.046448
1 0.656250 0.087432 0.025391 0.027322
1 0.412109 0.117486 0.023438 0.032787
2 0.724609 0.046448 0.019531 0.035519
1 0.746094 0.540984 0.039062 0.038251
1 0.617188 0.035519 0.023438 0.027322
1 0.099609 0.584699 0.035156 0.043716
1 0.460938 0.084699 0.021484 0.032787
1 0.029297 0.265027 0.027344 0.040984
1 0.238281 0.169399 0.023438 0.032787
1 0.335938 0.024590 0.021484 0.032787
1 0.625000 0.401639 0.029297 0.043716
1 0.468750 0.295082 0.027344 0.040984
1 0.058594 0.051913 0.019531 0.032787
1 0.115234 0.125683 0.025391 0.032787
