1 0.544922 0.330601 0.007812 0.021858
1 0.386719 0.333333 0.015625 0.030055
2 0.271484 0.327869 0.017578 0.027322
1 0.294922 0.349727 0.011719 0.027322
1 0.695312 0.289617 0.013672 0.019126
1 0.734375 0.333333 0.007812 0.019126
2 0.693359 0.330601 0.013672 0.024590
1 0.681641 0.245902 0.013672 0.016393
1 0.099609 0.349727 0.005859 0.024590
1 0.425781 0.426230 0.078125 0.112022
1 0.511719 0.341530 0.011719 0.027322
1 0.187500 0.344262 0.011719 0.021858
1 0.212891 0.336066 0.015625 0.021858
1 0.576172 0.349727 0.009766 0.021858
