1 0.566406 0.251366 0.031250 0.051913
1 0.468750 0.019126 0.019531 0.032787
1 0.621094 0.631148 0.048828 0.060109
1 0.580078 0.057377 0.027344 0.040984
1 0.015625 0.158470 0.029297 0.046448
1 0.162109 0.117486 0.025391 0.043716
1 0.664062 0.418033 0.037109 0.049180
1 0.562500 0.415301 0.029297 0.043716
1 0.705078 0.158470 0.027344 0.046448
1 0.617188 0.131148 0.031250 0.051913
1 0.519531 0.540984 0.044922 0.062842
1 0.753906 0.292350 0.033203 0.049180
1 0.765625 0.467213 0.025391 0.051913
1 0.349609 0.051913 0.025391 0.032787
1 0.068359 0.166667 0.031250 0.051913
1 0.394531 0.740437 0.052734 0.071038
1 0.177734 0.483607 0.023438 0.062842
1 0.425781 0.557377 0.042969 0.057377
1 0.378906 0.213115 0.027344 0.049180
1 0.296875 0.040984 0.025391 0.038251
1 0.261719 0.120219 0.023438 0.046448
1 0.367188 0.396175 0.041016 0.049180
1 0.421875 0.207650 0.031250 0.049180
1 0.087891 0.021858 0.019531 0.038251
1 0.103516 0.322404 0.035156 0.049180
1 0.269531 0.346995 0.035156 0.049180
1 0.140625 0.169399 0.025391 0.043716
1 0.292969 0.177596 0.027344 0.049180
1 0.148438 0.472678 0.042969 0.065574
1 0.171875 0.680328 0.044922 0.071038
1 0.207031 0.352459 0.031250 0.046448
1 0.095703 0.469945 0.039062 0.060109
1 0.091797 0.087432 0.017578 0.038251
1 0.402344 0.049180 0.025391 0.038251
1 0.501953 0.051913 0.025391 0.046448
1 0.011719 0.448087 0.019531 0.060109
1 0.449219 0.125683 0.027344 0.049180
1 0.771484 0.174863 0.019531 0.049180
1 0.070312 0.680328 0.048828 0.071038
1 0.636719 0.262295 0.021484 0.049180
1 0.259766 0.702186 0.042969 0.068306
1 0.378906 0.098361 0.021484 0.046448
1 0.638672 0.051913 0.023438 0.038251
1 0.544922 0.150273 0.027344 0.049180
1 0.509766 0.251366 0.035156 0.038251
1 0.015625 0.081967 0.023438 0.038251
1 0.746094 0.685792 0.042969 0.040984
1 0.138672 0.043716 0.019531 0.030055
1 0.447266 0.407104 0.039062 0.049180
1 0.228516 0.191257 0.025391 0.043716
1 0.320312 0.530055 0.042969 0.057377
