1 0.568359 0.262295 0.033203 0.038251
1 0.275391 0.387978 0.041016 0.057377
1 0.714844 0.229508 0.017578 0.030055
1 0.611328 0.254098 0.013672 0.024590
2 0.349609 0.407104 0.060547 0.084699
1 0.306641 0.357923 0.044922 0.079235
2 0.369141 0.248634 0.025391 0.038251
1 0.537109 0.270492 0.027344 0.035519
1 0.406250 0.355191 0.046875 0.068306
1 0.404297 0.232240 0.011719 0.027322
2 0.234375 0.360656 0.031250 0.054645
1 0.060547 0.371585 0.042969 0.065574
1 0.619141 0.530055 0.078125 0.112022
1 0.408203 0.508197 0.080078 0.106557
2 0.652344 0.382514 0.060547 0.084699
1 0.734375 0.221311 0.015625 0.027322
1 0.501953 0.226776 0.013672 0.024590
1 0.332031 0.245902 0.017578 0.027322
1 0.750000 0.398907 0.046875 0.062842
1 0.095703 0.300546 0.027344 0.040984
1 0.146484 0.459016 0.064453 0.112022
1 0.199219 0.218579 0.015625 0.021858
1 0.445312 0.355191 0.031250 0.051913
1 0.750000 0.224044 0.017578 0.032787
1 0.208984 0.426230 0.035156 0.073770
1 0.292969 0.284153 0.035156 0.049180
