2 0.287109 0.336066 0.031250 0.038251
2 0.658203 0.377049 0.017578 0.021858
2 0.560547 0.366120 0.029297 0.035519
2 0.345703 0.325137 0.025391 0.032787
2 0.513672 0.338798 0.027344 0.032787
0 0.195312 0.459016 0.025391 0.038251
2 0.685547 0.404372 0.031250 0.038251
0 0.156250 0.330601 0.033203 0.040984
1 0.611328 0.396175 0.029297 0.035519
0 0.482422 0.352459 0.031250 0.040984
1 0.056641 0.360656 0.015625 0.024590
2 0.367188 0.341530 0.025391 0.040984
0 0.220703 0.330601 0.025391 0.040984
1 0.419922 0.346995 0.031250 0.040984
