1 0.261719 0.035519 0.019531 0.032787
1 0.611328 0.071038 0.035156 0.054645
1 0.531250 0.232240 0.048828 0.062842
1 0.498047 0.027322 0.021484 0.032787
1 0.294922 0.095628 0.033203 0.035519
2 0.281250 0.224044 0.050781 0.081967
0 0.513672 0.103825 0.035156 0.046448
1 0.458984 0.393443 0.103516 0.139344
1 0.394531 0.172131 0.033203 0.051913
1 0.322266 0.071038 0.023438 0.030055
1 0.269531 0.418033 0.087891 0.117486
1 0.578125 0.221311 0.041016 0.046448
2 0.375000 0.076503 0.029297 0.046448
1 0.035156 0.240437 0.064453 0.060109
1 0.404297 0.032787 0.009766 0.032787
1 0.136719 0.125683 0.027344 0.051913
1 0.228516 0.038251 0.009766 0.024590
1 0.638672 0.478142 0.095703 0.153005
0 0.648438 0.054645 0.023438 0.051913
1 0.701172 0.161202 0.027344 0.062842
1 0.322266 0.196721 0.031250 0.062842
1 0.533203 0.322404 0.021484 0.046448
1 0.191406 0.073770 0.017578 0.030055
1 0.714844 0.079235 0.015625 0.035519
2 0.546875 0.038251 0.015625 0.027322
1 0.111328 0.229508 0.070312 0.103825
0 0.058594 0.122951 0.027344 0.046448
0 0.355469 0.193989 0.054688 0.076503
2 0.748047 0.196721 0.019531 0.062842
1 0.453125 0.038251 0.015625 0.027322
1 0.023438 0.128415 0.044922 0.073770
1 0.261719 0.101093 0.029297 0.035519
1 0.585938 0.355191 0.062500 0.106557
2 0.166016 0.114754 0.042969 0.060109
1 0.164062 0.213115 0.031250 0.051913
1 0.537109 0.112022 0.021484 0.043716
1 0.347656 0.398907 0.066406 0.090164
1 0.664062 0.174863 0.046875 0.071038
1 0.152344 0.027322 0.021484 0.030055
2 0.455078 0.174863 0.048828 0.071038
1 0.095703 0.084699 0.033203 0.046448
1 0.296875 0.133880 0.029297 0.038251
2 0.214844 0.254098 0.072266 0.106557
2 0.490234 0.166667 0.019531 0.057377
1 0.400391 0.128415 0.033203 0.057377
1 0.388672 0.273224 0.033203 0.090164
2 0.117188 0.519126 0.091797 0.131148
1 0.308594 0.049180 0.017578 0.030055
2 0.050781 0.363388 0.080078 0.087432
