1 0.728516 0.431694 0.054688 0.049180
1 0.382812 0.101093 0.044922 0.049180
1 0.640625 0.060109 0.035156 0.040984
1 0.232422 0.051913 0.041016 0.054645
1 0.642578 0.136612 0.035156 0.049180
1 0.515625 0.183060 0.041016 0.060109
1 0.500000 0.330601 0.037109 0.054645
1 0.099609 0.524590 0.050781 0.073770
1 0.582031 0.180328 0.044922 0.062842
1 0.697266 0.232240 0.046875 0.054645
1 0.376953 0.185792 0.048828 0.057377
1 0.033203 0.590164 0.050781 0.076503
2 0.074219 0.319672 0.033203 0.046448
1 0.441406 0.551913 0.056641 0.068306
1 0.207031 0.333333 0.035156 0.060109
1 0.292969 0.620219 0.054688 0.071038
1 0.066406 0.237705 0.031250 0.060109
1 0.021484 0.215847 0.027344 0.049180
2 0.064453 0.032787 0.039062 0.054645
1 0.404297 0.500000 0.048828 0.054645
