1 0.320312 0.172131 0.031250 0.046448
1 0.408203 0.122951 0.025391 0.027322
1 0.355469 0.166667 0.023438 0.038251
2 0.527344 0.150273 0.035156 0.051913
1 0.208984 0.183060 0.027344 0.046448
1 0.382812 0.163934 0.023438 0.043716
2 0.677734 0.303279 0.027344 0.054645
1 0.146484 0.180328 0.031250 0.043716
1 0.039062 0.196721 0.037109 0.049180
1 0.632812 0.133880 0.029297 0.043716
1 0.400391 0.202186 0.029297 0.043716
1 0.718750 0.325137 0.062500 0.098361
1 0.542969 0.267760 0.046875 0.076503
1 0.451172 0.251366 0.044922 0.062842
1 0.626953 0.248634 0.041016 0.049180
