1 0.527344 0.281421 0.072266 0.095628
1 0.101562 0.125683 0.029297 0.051913
1 0.333984 0.177596 0.039062 0.049180
1 0.365234 0.051913 0.019531 0.027322
1 0.369141 0.221311 0.044922 0.065574
2 0.173828 0.204918 0.042969 0.054645
1 0.220703 0.161202 0.041016 0.049180
1 0.679688 0.106557 0.025391 0.040984
1 0.638672 0.262295 0.029297 0.057377
1 0.427734 0.226776 0.052734 0.051913
2 0.306641 0.379781 0.109375 0.180328
1 0.644531 0.177596 0.052734 0.062842
1 0.208984 0.112022 0.035156 0.040984
1 0.152344 0.275956 0.060547 0.090164
1 0.656250 0.333333 0.068359 0.106557
1 0.296875 0.060109 0.017578 0.024590
1 0.451172 0.035519 0.011719 0.019126
2 0.363281 0.106557 0.027344 0.043716
1 0.273438 0.147541 0.046875 0.051913
1 0.623047 0.557377 0.052734 0.114754
1 0.072266 0.210383 0.046875 0.073770
1 0.607422 0.128415 0.033203 0.062842
