1 0.691406 0.128415 0.041016 0.073770
2 0.388672 0.169399 0.025391 0.046448
2 0.048828 0.322404 0.025391 0.049180
1 0.259766 0.439891 0.037109 0.073770
2 0.232422 0.133880 0.031250 0.057377
2 0.205078 0.311475 0.033203 0.054645
2 0.527344 0.106557 0.035156 0.073770
2 0.224609 0.043716 0.027344 0.032787
2 0.416016 0.172131 0.021484 0.049180
2 0.298828 0.180328 0.023438 0.060109
0 0.115234 0.510929 0.046875 0.084699
2 0.222656 0.038251 0.023438 0.040984
2 0.271484 0.169399 0.025391 0.060109
1 0.324219 0.437158 0.033203 0.071038
1 0.681641 0.256831 0.039062 0.092896
2 0.052734 0.153005 0.037109 0.057377
2 0.591797 0.131148 0.027344 0.051913
1 0.072266 0.420765 0.044922 0.079235
