1 0.568359 0.297814 0.013672 0.013661
1 0.183594 0.297814 0.021484 0.032787
1 0.607422 0.327869 0.015625 0.024590
1 0.068359 0.352459 0.031250 0.049180
1 0.423828 0.366120 0.048828 0.071038
1 0.457031 0.289617 0.021484 0.024590
1 0.017578 0.297814 0.017578 0.021858
1 0.134766 0.286885 0.019531 0.024590
1 0.312500 0.322404 0.021484 0.027322
1 0.347656 0.314208 0.013672 0.019126
1 0.345703 0.374317 0.033203 0.049180
1 0.037109 0.486339 0.066406 0.101093
1 0.154297 0.352459 0.029297 0.035519
1 0.224609 0.434426 0.089844 0.133880
1 0.583984 0.363388 0.019531 0.027322
1 0.697266 0.330601 0.019531 0.027322
1 0.228516 0.292350 0.019531 0.021858
1 0.294922 0.303279 0.013672 0.016393
1 0.546875 0.284153 0.013672 0.019126
1 0.751953 0.319672 0.023438 0.027322
1 0.644531 0.366120 0.037109 0.051913
1 0.095703 0.322404 0.021484 0.035519
1 0.548828 0.325137 0.019531 0.021858
2 0.425781 0.289617 0.011719 0.016393
