1 0.314453 0.202186 0.052734 0.076503
1 0.341797 0.076503 0.013672 0.021858
2 0.054688 0.071038 0.011719 0.024590
2 0.638672 0.092896 0.009766 0.019126
2 0.496094 0.030055 0.013672 0.030055
2 0.742188 0.215847 0.041016 0.051913
2 0.753906 0.065574 0.025391 0.032787
2 0.587891 0.199454 0.042969 0.054645
1 0.146484 0.221311 0.041016 0.057377
2 0.552734 0.087432 0.011719 0.016393
1 0.447266 0.199454 0.044922 0.065574
2 0.011719 0.068306 0.015625 0.019126
2 0.289062 0.090164 0.011719 0.016393
2 0.447266 0.040984 0.009766 0.021858
2 0.119141 0.076503 0.013672 0.024590
