1 0.656250 0.185792 0.019531 0.032787
1 0.316406 0.202186 0.033203 0.049180
1 0.066406 0.193989 0.039062 0.062842
1 0.130859 0.232240 0.035156 0.054645
1 0.412109 0.193989 0.023438 0.049180
2 0.630859 0.185792 0.029297 0.040984
1 0.507812 0.243169 0.033203 0.054645
1 0.234375 0.172131 0.027344 0.046448
1 0.275391 0.215847 0.042969 0.068306
1 0.734375 0.188525 0.039062 0.060109
1 0.353516 0.346995 0.041016 0.060109
1 0.599609 0.185792 0.027344 0.046448
1 0.689453 0.174863 0.033203 0.054645
1 0.373047 0.199454 0.027344 0.040984
1 0.478516 0.221311 0.033203 0.049180
1 0.439453 0.199454 0.035156 0.057377
1 0.556641 0.256831 0.044922 0.065574
