1 0.162109 0.273224 0.041016 0.060109
1 0.277344 0.270492 0.015625 0.032787
1 0.466797 0.289617 0.019531 0.040984
1 0.091797 0.232240 0.015625 0.019126
1 0.664062 0.398907 0.125000 0.188525
1 0.179688 0.229508 0.017578 0.032787
1 0.736328 0.456284 0.046875 0.079235
1 0.503906 0.251366 0.015625 0.027322
1 0.312500 0.278689 0.044922 0.060109
1 0.539062 0.308743 0.027344 0.043716
1 0.203125 0.210383 0.015625 0.024590
1 0.355469 0.387978 0.050781 0.081967
0 0.347656 0.234973 0.009766 0.013661
1 0.251953 0.292350 0.027344 0.043716
1 0.007812 0.218579 0.013672 0.016393
