1 0.320312 0.346995 0.066406 0.095628
1 0.726562 0.155738 0.029297 0.043716
1 0.482422 0.316940 0.070312 0.112022
1 0.544922 0.224044 0.035156 0.054645
1 0.070312 0.221311 0.044922 0.065574
1 0.603516 0.327869 0.044922 0.068306
0 0.527344 0.150273 0.027344 0.051913
1 0.417969 0.188525 0.023438 0.043716
1 0.287109 0.500000 0.080078 0.142077
1 0.621094 0.204918 0.039062 0.057377
1 0.697266 0.385246 0.091797 0.120219
1 0.023438 0.445355 0.042969 0.084699
0 0.189453 0.262295 0.037109 0.051913
1 0.683594 0.158470 0.031250 0.049180
1 0.269531 0.196721 0.041016 0.062842
