1 0.453125 0.442623 0.064453 0.090164
1 0.761719 0.502732 0.037109 0.120219
1 0.474609 0.185792 0.050781 0.092896
1 0.335938 0.508197 0.085938 0.109290
1 0.261719 0.336066 0.046875 0.112022
1 0.519531 0.073770 0.042969 0.076503
1 0.738281 0.032787 0.041016 0.051913
1 0.054688 0.153005 0.050781 0.081967
1 0.671875 0.368852 0.044922 0.087432
1 0.107422 0.068306 0.044922 0.084699
1 0.492188 0.330601 0.048828 0.101093
1 0.599609 0.237705 0.044922 0.081967
1 0.330078 0.204918 0.054688 0.098361
1 0.130859 0.232240 0.042969 0.076503
1 0.214844 0.527322 0.074219 0.068306
1 0.724609 0.114754 0.048828 0.084699
1 0.427734 0.215847 0.046875 0.081967
1 0.267578 0.139344 0.048828 0.081967
1 0.664062 0.204918 0.052734 0.079235
1 0.085938 0.330601 0.062500 0.101093
1 0.177734 0.289617 0.050781 0.095628
1 0.755859 0.259563 0.054688 0.103825
