1 0.517578 0.398907 0.042969 0.071038
2 0.037109 0.032787 0.044922 0.060109
1 0.378906 0.221311 0.052734 0.076503
1 0.017578 0.721311 0.033203 0.106557
1 0.533203 0.215847 0.048828 0.073770
2 0.048828 0.387978 0.039062 0.071038
1 0.076172 0.642077 0.054688 0.095628
1 0.220703 0.054645 0.048828 0.073770
1 0.669922 0.068306 0.035156 0.060109
1 0.287109 0.756831 0.054688 0.090164
1 0.384766 0.112022 0.048828 0.062842
1 0.408203 0.614754 0.056641 0.076503
1 0.039062 0.286885 0.042969 0.076503
1 0.195312 0.401639 0.042969 0.076503
0 0.113281 0.584699 0.042969 0.090164
1 0.732422 0.278689 0.052734 0.068306
