2 0.244141 0.215847 0.021484 0.030055
1 0.087891 0.172131 0.037109 0.054645
1 0.025391 0.185792 0.025391 0.051913
1 0.203125 0.382514 0.027344 0.038251
1 0.273438 0.224044 0.027344 0.038251
1 0.564453 0.204918 0.027344 0.038251
1 0.445312 0.232240 0.025391 0.040984
2 0.416016 0.240437 0.023438 0.043716
2 0.308594 0.226776 0.027344 0.040984
1 0.238281 0.270492 0.029297 0.049180
1 0.498047 0.240437 0.027344 0.040984
2 0.171875 0.207650 0.029297 0.046448
1 0.363281 0.251366 0.025391 0.032787
1 0.326172 0.251366 0.033203 0.040984
