1 0.234375 0.142077 0.029297 0.038251
1 0.599609 0.155738 0.027344 0.046448
1 0.132812 0.199454 0.035156 0.054645
1 0.066406 0.163934 0.039062 0.057377
1 0.507812 0.213115 0.033203 0.057377
1 0.558594 0.226776 0.042969 0.068306
1 0.316406 0.174863 0.033203 0.054645
1 0.437500 0.169399 0.033203 0.057377
1 0.375000 0.169399 0.023438 0.038251
1 0.478516 0.191257 0.029297 0.049180
1 0.412109 0.161202 0.021484 0.051913
1 0.734375 0.155738 0.039062 0.057377
1 0.689453 0.142077 0.035156 0.051913
1 0.287109 0.142077 0.029297 0.040984
1 0.273438 0.183060 0.044922 0.062842
2 0.630859 0.158470 0.033203 0.035519
1 0.353516 0.316940 0.042969 0.065574
