1 0.314453 0.319672 0.017578 0.024590
1 0.423828 0.366120 0.044922 0.071038
1 0.384766 0.322404 0.011719 0.024590
1 0.697266 0.330601 0.015625 0.027322
1 0.345703 0.374317 0.029297 0.043716
1 0.548828 0.284153 0.011719 0.016393
1 0.183594 0.297814 0.019531 0.035519
1 0.066406 0.352459 0.027344 0.046448
1 0.457031 0.292350 0.019531 0.027322
1 0.224609 0.437158 0.082031 0.136612
1 0.769531 0.306011 0.007812 0.016393
1 0.154297 0.352459 0.027344 0.035519
1 0.517578 0.303279 0.007812 0.013661
1 0.644531 0.368852 0.037109 0.054645
1 0.134766 0.286885 0.015625 0.024590
1 0.570312 0.297814 0.009766 0.013661
1 0.091797 0.325137 0.017578 0.032787
1 0.035156 0.486339 0.056641 0.087432
1 0.607422 0.330601 0.015625 0.027322
