1 0.398438 0.289617 0.046875 0.062842
1 0.111328 0.139344 0.044922 0.060109
1 0.439453 0.360656 0.056641 0.087432
1 0.041016 0.303279 0.042969 0.062842
1 0.287109 0.363388 0.056641 0.095628
1 0.375000 0.174863 0.023438 0.043716
1 0.416016 0.204918 0.025391 0.049180
1 0.197266 0.336066 0.046875 0.060109
1 0.523438 0.524590 0.093750 0.150273
1 0.091797 0.420765 0.056641 0.092896
1 0.626953 0.445355 0.103516 0.155738
1 0.187500 0.177596 0.044922 0.057377
1 0.736328 0.363388 0.046875 0.081967
1 0.726562 0.177596 0.025391 0.054645
1 0.537109 0.289617 0.062500 0.090164
1 0.646484 0.204918 0.052734 0.068306
1 0.279297 0.136612 0.041016 0.060109
1 0.494141 0.158470 0.035156 0.060109
