2 0.125000 0.480874 0.017578 0.030055
0 0.226562 0.428962 0.021484 0.032787
1 0.593750 0.696721 0.027344 0.040984
2 0.166016 0.191257 0.013672 0.016393
2 0.578125 0.109290 0.011719 0.019126
1 0.337891 0.081967 0.015625 0.024590
1 0.361328 0.603825 0.013672 0.027322
1 0.355469 0.248634 0.015625 0.024590
2 0.656250 0.071038 0.009766 0.016393
1 0.388672 0.109290 0.013672 0.021858
0 0.488281 0.144809 0.015625 0.021858
2 0.750000 0.024590 0.007812 0.016393
1 0.205078 0.467213 0.023438 0.032787
1 0.498047 0.226776 0.015625 0.019126
1 0.679688 0.032787 0.009766 0.019126
1 0.439453 0.229508 0.015625 0.021858
2 0.222656 0.344262 0.013672 0.021858
1 0.337891 0.330601 0.017578 0.027322
1 0.607422 0.183060 0.015625 0.024590
1 0.689453 0.286885 0.017578 0.027322
1 0.738281 0.407104 0.021484 0.030055
1 0.056641 0.352459 0.019531 0.024590
1 0.646484 0.131148 0.013672 0.019126
1 0.429688 0.663934 0.027344 0.038251
1 0.521484 0.054645 0.009766 0.016393
1 0.755859 0.748634 0.029297 0.021858
2 0.109375 0.221311 0.017578 0.027322
1 0.472656 0.300546 0.017578 0.024590
1 0.669922 0.172131 0.015625 0.021858
1 0.666016 0.215847 0.013672 0.024590
1 0.283203 0.013661 0.013672 0.019126
1 0.191406 0.183060 0.013672 0.016393
1 0.355469 0.013661 0.007812 0.013661
1 0.253906 0.158470 0.013672 0.019126
2 0.777344 0.054645 0.009766 0.013661
1 0.736328 0.598361 0.021484 0.038251
1 0.714844 0.333333 0.017578 0.027322
1 0.550781 0.071038 0.011719 0.019126
1 0.013672 0.366120 0.019531 0.030055
1 0.710938 0.614754 0.025391 0.032787
1 0.546875 0.423497 0.021484 0.032787
1 0.173828 0.215847 0.013672 0.019126
1 0.373047 0.054645 0.009766 0.016393
1 0.191406 0.721311 0.029297 0.040984
2 0.234375 0.207650 0.013672 0.021858
1 0.599609 0.010929 0.013672 0.016393
1 0.101562 0.281421 0.021484 0.030055
1 0.388672 0.346995 0.015625 0.024590
1 0.398438 0.060109 0.009766 0.008197
1 0.138672 0.286885 0.013672 0.030055
1 0.724609 0.245902 0.015625 0.027322
1 0.728516 0.040984 0.011719 0.013661
1 0.101562 0.038251 0.011719 0.016393
1 0.681641 0.245902 0.017578 0.024590
1 0.681641 0.128415 0.011719 0.019126
1 0.779297 0.374317 0.007812 0.027322
1 0.421875 0.081967 0.013672 0.019126
1 0.355469 0.418033 0.021484 0.021858
1 0.294922 0.475410 0.019531 0.032787
1 0.306641 0.054645 0.013672 0.016393
1 0.449219 0.049180 0.011719 0.019126
2 0.503906 0.131148 0.013672 0.016393
1 0.642578 0.109290 0.009766 0.019126
1 0.554688 0.155738 0.013672 0.019126
1 0.640625 0.234973 0.013672 0.021858
1 0.275391 0.043716 0.017578 0.024590
1 0.769531 0.081967 0.011719 0.019126
1 0.417969 0.153005 0.007812 0.013661
1 0.425781 0.027322 0.009766 0.016393
1 0.501953 0.068306 0.011719 0.019126
1 0.310547 0.158470 0.013672 0.021858
1 0.396484 0.183060 0.017578 0.019126
1 0.236328 0.092896 0.011719 0.021858
1 0.568359 0.409836 0.017578 0.030055
1 0.330078 0.284153 0.019531 0.021858
2 0.208984 0.221311 0.015625 0.021858
1 0.525391 0.295082 0.015625 0.021858
2 0.087891 0.434426 0.021484 0.030055
1 0.738281 0.461749 0.021484 0.032787
1 0.419922 0.286885 0.017578 0.030055
1 0.466797 0.398907 0.021484 0.024590
1 0.544922 0.325137 0.017578 0.027322
1 0.710938 0.210383 0.009766 0.016393
1 0.707031 0.743169 0.031250 0.030055
1 0.320312 0.540984 0.021484 0.035519
1 0.492188 0.008197 0.011719 0.013661
1 0.208984 0.114754 0.015625 0.021858
1 0.267578 0.281421 0.017578 0.019126
1 0.703125 0.363388 0.015625 0.013661
1 0.248047 0.071038 0.011719 0.019126
1 0.642578 0.060109 0.011719 0.021858
1 0.058594 0.535519 0.021484 0.024590
1 0.572266 0.306011 0.017578 0.024590
1 0.279297 0.352459 0.015625 0.027322
1 0.505859 0.631148 0.025391 0.035519
1 0.322266 0.713115 0.029297 0.040984
1 0.253906 0.592896 0.025391 0.038251
