1 0.599609 0.174863 0.033203 0.049180
1 0.066406 0.177596 0.035156 0.060109
1 0.236328 0.158470 0.023438 0.038251
1 0.277344 0.199454 0.039062 0.062842
1 0.375000 0.183060 0.023438 0.038251
1 0.509766 0.224044 0.037109 0.060109
1 0.289062 0.155738 0.021484 0.030055
1 0.732422 0.172131 0.037109 0.054645
1 0.480469 0.204918 0.031250 0.049180
1 0.656250 0.169399 0.017578 0.030055
1 0.337891 0.169399 0.013672 0.038251
1 0.689453 0.158470 0.033203 0.046448
1 0.318359 0.188525 0.035156 0.043716
1 0.562500 0.142077 0.023438 0.046448
2 0.632812 0.174863 0.031250 0.038251
1 0.437500 0.185792 0.033203 0.051913
1 0.412109 0.180328 0.023438 0.043716
1 0.355469 0.316940 0.037109 0.057377
1 0.558594 0.237705 0.042969 0.065574
