1 0.322266 0.316940 0.066406 0.090164
1 0.427734 0.262295 0.083984 0.131148
1 0.578125 0.193989 0.037109 0.051913
1 0.675781 0.131148 0.037109 0.046448
2 0.527344 0.084699 0.035156 0.051913
1 0.503906 0.259563 0.066406 0.112022
1 0.750000 0.270492 0.052734 0.084699
2 0.236328 0.234973 0.050781 0.065574
2 0.466797 0.084699 0.023438 0.043716
1 0.611328 0.259563 0.056641 0.087432
2 0.607422 0.030055 0.025391 0.030055
1 0.345703 0.062842 0.025391 0.035519
1 0.205078 0.379781 0.080078 0.117486
2 0.373047 0.218579 0.027344 0.073770
