1 0.214844 0.237705 0.044922 0.071038
1 0.390625 0.183060 0.048828 0.068306
1 0.728516 0.349727 0.058594 0.068306
1 0.699219 0.122951 0.052734 0.062842
1 0.066406 0.128415 0.042969 0.062842
1 0.517578 0.065574 0.046875 0.060109
1 0.445312 0.486339 0.058594 0.079235
1 0.380859 0.065574 0.052734 0.062842
1 0.019531 0.101093 0.033203 0.049180
1 0.501953 0.232240 0.042969 0.068306
2 0.078125 0.221311 0.041016 0.057377
1 0.205078 0.065574 0.046875 0.051913
1 0.037109 0.527322 0.060547 0.087432
1 0.644531 0.021858 0.041016 0.038251
