1 0.312500 0.079235 0.029297 0.040984
1 0.462891 0.109290 0.029297 0.043716
2 0.662109 0.240437 0.029297 0.040984
2 0.349609 0.319672 0.037109 0.051913
1 0.054688 0.642077 0.083984 0.112022
1 0.152344 0.557377 0.054688 0.079235
1 0.541016 0.393443 0.080078 0.112022
1 0.251953 0.169399 0.035156 0.051913
1 0.386719 0.431694 0.060547 0.114754
1 0.332031 0.174863 0.027344 0.049180
2 0.519531 0.142077 0.029297 0.043716
1 0.238281 0.519126 0.101562 0.161202
1 0.441406 0.262295 0.029297 0.046448
1 0.390625 0.098361 0.023438 0.030055
