1 0.082031 0.464481 0.060547 0.084699
1 0.574219 0.478142 0.060547 0.101093
1 0.654297 0.385246 0.060547 0.098361
1 0.416016 0.554645 0.062500 0.101093
1 0.636719 0.568306 0.068359 0.092896
1 0.148438 0.256831 0.068359 0.092896
1 0.134766 0.092896 0.064453 0.084699
1 0.738281 0.437158 0.072266 0.101093
1 0.468750 0.349727 0.060547 0.090164
1 0.248047 0.284153 0.066406 0.101093
1 0.755859 0.262295 0.050781 0.092896
1 0.404297 0.379781 0.068359 0.109290
1 0.757812 0.112022 0.044922 0.073770
1 0.232422 0.500000 0.060547 0.073770
