0 0.544922 0.057377 0.019531 0.032787
1 0.355469 0.060109 0.029297 0.040984
1 0.406250 0.068306 0.027344 0.038251
2 0.492188 0.019126 0.019531 0.027322
2 0.462891 0.073770 0.017578 0.030055
1 0.289062 0.065574 0.025391 0.032787
2 0.689453 0.043716 0.023438 0.027322
1 0.519531 0.098361 0.025391 0.030055
1 0.146484 0.084699 0.025391 0.035519
2 0.330078 0.057377 0.019531 0.021858
1 0.066406 0.172131 0.035156 0.049180
1 0.404297 0.259563 0.041016 0.062842
1 0.324219 0.106557 0.031250 0.046448
1 0.484375 0.193989 0.035156 0.051913
1 0.746094 0.073770 0.023438 0.032787
1 0.599609 0.043716 0.009766 0.024590
1 0.474609 0.153005 0.027344 0.038251
1 0.585938 0.040984 0.023438 0.035519
1 0.468750 0.030055 0.019531 0.024590
