1 0.683594 0.267760 0.019531 0.030055
1 0.609375 0.412568 0.101562 0.147541
1 0.451172 0.259563 0.017578 0.021858
1 0.261719 0.303279 0.021484 0.024590
1 0.330078 0.382514 0.023438 0.030055
1 0.531250 0.218579 0.011719 0.019126
1 0.419922 0.297814 0.025391 0.038251
1 0.410156 0.368852 0.033203 0.079235
1 0.751953 0.248634 0.031250 0.054645
1 0.250000 0.267760 0.013672 0.019126
1 0.281250 0.243169 0.011719 0.019126
1 0.037109 0.248634 0.009766 0.013661
1 0.058594 0.355191 0.013672 0.021858
1 0.109375 0.251366 0.013672 0.019126
1 0.251953 0.401639 0.046875 0.062842
1 0.091797 0.254098 0.017578 0.021858
1 0.142578 0.314208 0.044922 0.071038
1 0.330078 0.226776 0.017578 0.021858
1 0.232422 0.256831 0.019531 0.030055
1 0.345703 0.281421 0.021484 0.024590
1 0.388672 0.275956 0.015625 0.035519
1 0.501953 0.300546 0.033203 0.038251
1 0.363281 0.224044 0.013672 0.021858
1 0.037109 0.289617 0.015625 0.027322
1 0.105469 0.325137 0.027344 0.040984
