1 0.339844 0.172131 0.011719 0.038251
1 0.478516 0.204918 0.029297 0.043716
1 0.412109 0.180328 0.023438 0.046448
1 0.130859 0.213115 0.039062 0.049180
2 0.630859 0.172131 0.027344 0.040984
1 0.732422 0.172131 0.037109 0.051913
1 0.277344 0.199454 0.037109 0.065574
1 0.318359 0.185792 0.031250 0.051913
1 0.291016 0.158470 0.023438 0.040984
1 0.689453 0.161202 0.031250 0.043716
1 0.234375 0.158470 0.021484 0.038251
1 0.355469 0.319672 0.039062 0.054645
1 0.556641 0.237705 0.041016 0.054645
1 0.601562 0.172131 0.027344 0.046448
1 0.373047 0.183060 0.021484 0.040984
1 0.656250 0.166667 0.015625 0.030055
1 0.066406 0.180328 0.033203 0.057377
1 0.562500 0.144809 0.017578 0.035519
1 0.507812 0.221311 0.029297 0.051913
