1 0.439453 0.237705 0.044922 0.062842
1 0.466797 0.158470 0.029297 0.046448
1 0.417969 0.150273 0.029297 0.043716
1 0.507812 0.106557 0.027344 0.032787
1 0.419922 0.579235 0.056641 0.117486
1 0.638672 0.554645 0.072266 0.114754
1 0.455078 0.114754 0.023438 0.032787
1 0.398438 0.275956 0.037109 0.062842
1 0.716797 0.098361 0.019531 0.021858
1 0.337891 0.502732 0.103516 0.147541
1 0.564453 0.308743 0.054688 0.079235
1 0.580078 0.098361 0.027344 0.027322
1 0.533203 0.144809 0.029297 0.043716
0 0.097656 0.390710 0.105469 0.158470
1 0.523438 0.598361 0.097656 0.150273
