0 0.210938 0.267760 0.027344 0.040984
1 0.117188 0.265027 0.017578 0.032787
1 0.488281 0.262295 0.017578 0.049180
1 0.244141 0.188525 0.017578 0.035519
1 0.164062 0.234973 0.017578 0.027322
1 0.193359 0.409836 0.044922 0.068306
1 0.126953 0.322404 0.027344 0.049180
1 0.074219 0.248634 0.015625 0.043716
1 0.058594 0.207650 0.015625 0.032787
1 0.728516 0.387978 0.029297 0.062842
1 0.279297 0.306011 0.033203 0.049180
1 0.369141 0.346995 0.050781 0.065574
1 0.119141 0.183060 0.023438 0.038251
1 0.298828 0.601093 0.056641 0.073770
1 0.093750 0.448087 0.054688 0.062842
1 0.416016 0.286885 0.031250 0.051913
