1 0.164062 0.234973 0.019531 0.027322
1 0.298828 0.601093 0.058594 0.073770
1 0.175781 0.158470 0.015625 0.021858
1 0.414062 0.286885 0.029297 0.054645
0 0.210938 0.270492 0.029297 0.032787
1 0.601562 0.338798 0.062500 0.076503
1 0.119141 0.185792 0.019531 0.032787
1 0.193359 0.409836 0.046875 0.057377
1 0.371094 0.344262 0.050781 0.062842
1 0.060547 0.207650 0.015625 0.021858
1 0.488281 0.259563 0.019531 0.046448
1 0.093750 0.448087 0.056641 0.060109
1 0.730469 0.390710 0.031250 0.054645
1 0.439453 0.191257 0.027344 0.040984
1 0.074219 0.251366 0.017578 0.027322
1 0.244141 0.191257 0.017578 0.032787
1 0.126953 0.325137 0.027344 0.049180
1 0.244141 0.390710 0.037109 0.054645
