1 0.458984 0.174863 0.013672 0.021858
1 0.634766 0.128415 0.015625 0.024590
1 0.371094 0.374317 0.025391 0.021858
2 0.328125 0.030055 0.009766 0.019126
1 0.312500 0.494536 0.023438 0.038251
1 0.058594 0.306011 0.019531 0.027322
2 0.218750 0.169399 0.019531 0.027322
2 0.130859 0.439891 0.015625 0.027322
1 0.072266 0.095628 0.013672 0.024590
1 0.455078 0.215847 0.015625 0.021858
1 0.744141 0.155738 0.009766 0.016393
1 0.406250 0.049180 0.013672 0.021858
1 0.013672 0.319672 0.017578 0.027322
1 0.771484 0.360656 0.017578 0.030055
1 0.597656 0.259563 0.017578 0.027322
1 0.710938 0.068306 0.013672 0.019126
2 0.582031 0.098361 0.011719 0.019126
1 0.181641 0.161202 0.017578 0.019126
1 0.554688 0.046448 0.011719 0.019126
1 0.701172 0.114754 0.015625 0.021858
1 0.144531 0.237705 0.009766 0.027322
1 0.757812 0.191257 0.015625 0.027322
2 0.093750 0.387978 0.019531 0.030055
2 0.115234 0.166667 0.017578 0.024590
1 0.214844 0.423497 0.023438 0.035519
1 0.199219 0.128415 0.013672 0.021858
1 0.281250 0.232240 0.021484 0.027322
2 0.173828 0.136612 0.015625 0.024590
1 0.601562 0.021858 0.009766 0.019126
1 0.695312 0.161202 0.017578 0.024590
1 0.494141 0.540984 0.025391 0.035519
2 0.246094 0.153005 0.015625 0.021858
1 0.216797 0.256831 0.015625 0.027322
2 0.527344 0.071038 0.013672 0.016393
1 0.416016 0.128415 0.015625 0.021858
1 0.712891 0.191257 0.015625 0.024590
1 0.298828 0.169399 0.017578 0.024590
1 0.376953 0.565574 0.013672 0.027322
1 0.238281 0.385246 0.019531 0.032787
1 0.371094 0.196721 0.017578 0.030055
1 0.675781 0.071038 0.013672 0.019126
1 0.671875 0.049180 0.011719 0.016393
1 0.353516 0.021858 0.015625 0.021858
1 0.519531 0.174863 0.015625 0.019126
1 0.308594 0.431694 0.023438 0.032787
1 0.587891 0.306011 0.019531 0.027322
1 0.572266 0.379781 0.023438 0.032787
1 0.722656 0.234973 0.019531 0.027322
1 0.384766 0.404372 0.021484 0.035519
1 0.216797 0.051913 0.013672 0.021858
1 0.734375 0.316940 0.017578 0.021858
1 0.441406 0.019126 0.011719 0.019126
1 0.669922 0.180328 0.013672 0.024590
1 0.259766 0.010929 0.011719 0.019126
1 0.353516 0.281421 0.021484 0.027322
1 0.105469 0.232240 0.019531 0.027322
1 0.406250 0.297814 0.015625 0.024590
2 0.603516 0.049180 0.011719 0.019126
1 0.109375 0.311475 0.019531 0.032787
1 0.265625 0.551913 0.025391 0.035519
1 0.523438 0.010929 0.013672 0.019126
1 0.246094 0.032787 0.011719 0.021858
1 0.773438 0.418033 0.015625 0.032787
1 0.494141 0.251366 0.019531 0.021858
1 0.396484 0.226776 0.017578 0.027322
1 0.343750 0.232240 0.019531 0.024590
2 0.685547 0.010929 0.011719 0.016393
1 0.568359 0.275956 0.017578 0.027322
1 0.488281 0.352459 0.019531 0.024590
1 0.509766 0.087432 0.013672 0.021858
2 0.234375 0.297814 0.015625 0.024590
1 0.326172 0.098361 0.015625 0.019126
1 0.439453 0.237705 0.017578 0.027322
1 0.748047 0.281421 0.019531 0.024590
1 0.593750 0.363388 0.017578 0.027322
