2 0.677734 0.106557 0.046875 0.068306
2 0.496094 0.486339 0.072266 0.092896
2 0.445312 0.191257 0.048828 0.073770
2 0.582031 0.196721 0.048828 0.065574
1 0.242188 0.032787 0.044922 0.062842
1 0.589844 0.581967 0.078125 0.103825
1 0.166016 0.639344 0.101562 0.161202
2 0.169922 0.349727 0.066406 0.092896
1 0.533203 0.311475 0.078125 0.112022
1 0.115234 0.065574 0.042969 0.068306
2 0.281250 0.480874 0.109375 0.117486
1 0.722656 0.232240 0.056641 0.071038
2 0.046875 0.352459 0.072266 0.101093
2 0.574219 0.079235 0.052734 0.057377
1 0.382812 0.256831 0.070312 0.092896
2 0.763672 0.065574 0.039062 0.054645
1 0.390625 0.084699 0.056641 0.071038
2 0.207031 0.207650 0.035156 0.054645
2 0.253906 0.275956 0.072266 0.090164
2 0.068359 0.090164 0.052734 0.071038
2 0.343750 0.112022 0.050781 0.065574
2 0.269531 0.101093 0.056641 0.054645
