2 0.355469 0.095628 0.023438 0.030055
2 0.035156 0.385246 0.027344 0.038251
1 0.408203 0.297814 0.025391 0.032787
2 0.023438 0.453552 0.031250 0.043716
2 0.482422 0.352459 0.023438 0.027322
2 0.439453 0.450820 0.021484 0.038251
2 0.501953 0.480874 0.025391 0.038251
2 0.353516 0.270492 0.017578 0.032787
2 0.433594 0.325137 0.027344 0.040984
2 0.580078 0.355191 0.025391 0.035519
2 0.589844 0.286885 0.013672 0.030055
2 0.361328 0.612022 0.011719 0.030055
2 0.373047 0.562842 0.027344 0.027322
2 0.103516 0.609290 0.035156 0.043716
2 0.177734 0.043716 0.025391 0.030055
2 0.613281 0.587432 0.017578 0.021858
2 0.117188 0.459016 0.029297 0.043716
2 0.574219 0.448087 0.029297 0.030055
2 0.593750 0.068306 0.013672 0.019126
2 0.482422 0.103825 0.021484 0.027322
2 0.050781 0.193989 0.025391 0.035519
2 0.513672 0.084699 0.013672 0.027322
2 0.337891 0.390710 0.029297 0.038251
2 0.626953 0.647541 0.027344 0.035519
2 0.562500 0.117486 0.023438 0.024590
2 0.546875 0.251366 0.025391 0.027322
2 0.505859 0.049180 0.017578 0.021858
2 0.164062 0.090164 0.027344 0.038251
2 0.439453 0.262295 0.027344 0.035519
2 0.158203 0.259563 0.025391 0.032787
2 0.427734 0.155738 0.023438 0.032787
2 0.539062 0.087432 0.019531 0.019126
2 0.455078 0.073770 0.019531 0.030055
2 0.357422 0.133880 0.021484 0.030055
2 0.601562 0.538251 0.027344 0.035519
2 0.044922 0.292350 0.029297 0.040984
2 0.468750 0.483607 0.027344 0.038251
2 0.128906 0.357923 0.033203 0.043716
1 0.369141 0.073770 0.015625 0.030055
2 0.076172 0.161202 0.021484 0.024590
2 0.552734 0.185792 0.027344 0.027322
2 0.371094 0.234973 0.015625 0.030055
2 0.500000 0.631148 0.023438 0.038251
2 0.384766 0.622951 0.033203 0.046448
2 0.507812 0.368852 0.027344 0.038251
1 0.341797 0.202186 0.021484 0.027322
2 0.498047 0.234973 0.025391 0.032787
2 0.128906 0.295082 0.027344 0.027322
2 0.365234 0.439891 0.025391 0.030055
2 0.460938 0.169399 0.023438 0.032787
2 0.093750 0.079235 0.023438 0.032787
2 0.570312 0.169399 0.009766 0.030055
2 0.166016 0.174863 0.027344 0.038251
1 0.404297 0.065574 0.017578 0.027322
2 0.410156 0.139344 0.013672 0.024590
